  0, 39, 22, 59, 54, 33, 57, 32
 39,  0, 20, 20, 81,  8, 49, 64
 22, 20,  0, 39, 74, 18, 60, 44
 59, 20, 39,  0, 93, 27, 51, 81
 54, 81, 74, 93,  0, 73, 43, 56
 33,  8, 18, 27, 73,  0, 45, 61
 57, 49, 60, 51, 43, 45,  0, 85
 32, 64, 44, 81, 56, 61, 85,  0
